6
0 10 15 20 25 30
10 0 35 25 30 20
15 35 0 30 10 15
20 25 30 0 20 25
25 30 10 20 0 10
30 20 15 25 10 0
7
0 29 20 21 16 31 12
29 0 15 17 28 27 25
20 15 0 28 23 13 30
21 17 28 0 18 19 22
16 28 23 18 0 24 26
31 27 13 19 24 0 14
12 25 30 22 26 14 0
8
0 10 15 20 25 30 35 40
10 0 35 25 30 20 15 10
15 35 0 30 10 15 20 25
20 25 30 0 20 25 30 35
25 30 10 20 0 10 15 20
30 20 15 25 10 0 10 15
35 15 20 30 15 10 0 10
40 10 25 35 20 15 10 0
9
0 10 20 30 40 50 60 70 80
10 0 15 25 35 45 55 65 75
20 15 0 10 20 30 40 50 60
30 25 10 0 10 20 30 40 50
40 35 20 10 0 10 20 30 40
50 45 30 20 10 0 10 20 30
60 55 40 30 20 10 0 10 20
70 65 50 40 30 20 10 0 10
80 75 60 50 40 30 20 10 0
10
0 5 9 10 15 20 25 30 35 40
5 0 6 4 9 14 19 24 29 34
9 6 0 8 13 18 23 28 33 38
10 4 8 0 7 12 17 22 27 32
15 9 13 7 0 5 10 15 20 25
20 14 18 12 5 0 5 10 15 20
25 19 23 17 10 5 0 5 10 15
30 24 28 22 15 10 5 0 5 10
35 29 33 27 20 15 10 5 0 5
40 34 38 32 25 20 15 10 5 0